18 8
3 11
1 19
21 15
21 8
1 19
14 12
8 17
19 5
20 21
20 6
5 17
23 17
5 24
17 23
22 11
8 23
4 12
13 17
1 3
11 6
16 3
3 2
23 8
6 3
13 23
9 7
23 8
11 12
3 12
10 1
23 24
11 4
5 1
10 15
3 14
7 24
1 15
7 8
4 16
2 12
19 23
19 12
1 4
7 1
7 19
15 11
8 22
19 17
4 6
22 21
7 24
12 23
15 7
16 21
23 21
4 9
12 4
11 13
17 12
17 14
15 21
21 14
17 15
21 16
6 4
16 1
4 22
23 22
15 10
6 17
14 4
14 7
13 17
24 11
11 4
7 13
17 19
9 20
21 13
23 17
2 13
8 14
6 17
15 12
14 17
13 18
16 14
5 23
2 17
10 5
7 17
5 10
11 14
23 1
12 16
15 22
1 22
22 23
23 8
2 13
9 13
18 4
12 5
19 4
9 15
16 23
16 6
16 2
21 12
7 2
4 1
15 12
24 5
16 11
11 16
21 9
18 1
13 22
4 9
15 22
19 9
8 9
20 7
17 5
3 12
20 10
17 21
9 7
5 10
2 1
2 20
16 12
19 9
13 12
15 14
9 4
2 21
21 9
6 22
2 24
4 6
24 9
23 17
20 19
12 14
14 10
21 7
8 23
23 11
12 20
3 9
6 5
19 13
3 21
18 19
23 17
13 2
4 18
23 17
16 10
3 8
12 7
2 7
21 19
3 4
22 12
21 23
22 9
20 4
10 8
15 21
7 10
12 22
9 8
8 4
4 13
18 3
5 18
2 1
19 11
5 15
23 18
1 18
16 19
9 1
11 14
9 16
23 4
22 8
24 22
18 22
17 22
8 20
12 2
21 7
9 17
11 12
16 18
9 12